90	4.575009263	6.251978771	7.79016226	9.311518852	10.67761282	12.12936383	13.42483992	14.71775818	16.0557956
90.25	4.625195457	6.311410634	7.85767741	9.375028892	10.75784385	12.20570058	13.50347311	14.80588197	16.14275688
90.5	4.678556801	6.374981624	7.926514409	9.440742149	10.83270506	12.28694002	13.58807075	14.88832495	16.23785257
90.75	4.733081838	6.439863215	7.994284106	9.513407867	10.90970335	12.36872056	13.6708568	14.97323941	16.33035699
91	4.792491804	6.504917645	8.05827442	9.590025746	10.97964343	12.44470515	13.75962793	15.05854491	16.43505074
91.25	4.85095491	6.571505378	8.127341998	9.666241429	11.06371453	12.52518259	13.84414166	15.14842677	16.52396852
91.5	4.904160679	6.632546687	8.200392469	9.740116869	11.15091308	12.61472627	13.93207376	15.24811873	16.62526619
91.75	4.96532389	6.693306256	8.275692824	9.81564797	11.23075848	12.70178306	14.02697714	15.34504412	16.73121042
92	5.026644113	6.759571533	8.351665212	9.892569265	11.31481872	12.79282079	14.12416957	15.45099653	16.83185284
92.25	5.087251681	6.831980692	8.429412821	9.977027764	11.40687408	12.88849594	14.21999241	15.5382495	16.94632144
92.5	5.160326844	6.902427271	8.509058517	10.05524124	11.49926956	12.98290319	14.31841714	15.6532892	17.04690933
92.75	5.224700382	6.973244388	8.603052077	10.14853695	11.59236705	13.08295932	14.42719586	15.76357197	17.16184586
93	5.293974746	7.058036437	8.694493684	10.23938541	11.68986811	13.1866905	14.53262823	15.8765601	17.28674526
93.25	5.36305243	7.138464431	8.773545811	10.3399217	11.80023168	13.2946942	14.64254361	15.99856394	17.40381788
93.5	5.431983812	7.228191934	8.866893414	10.44094059	11.90660772	13.41005889	14.76321259	16.12109375	17.52153946
93.75	5.501997348	7.320017766	8.978217864	10.53435611	12.03486838	13.52793213	14.87396831	16.24734821	17.6436342
94	5.577915685	7.410363426	9.080593098	10.64455468	12.135158	13.64892165	15.0076409	16.39503996	17.78046143
94.25	5.668333054	7.503611962	9.19306988	10.76058701	12.24342587	13.77471789	15.15411569	16.52127738	17.93059491
94.5	5.755606893	7.601377483	9.292101625	10.87731817	12.36797034	13.91216732	15.28477831	16.65236671	18.08152904
94.75	5.847381623	7.705620703	9.386332039	10.99970499	12.50554728	14.04278028	15.42092113	16.78310914	18.23394929
95	5.948756911	7.817280669	9.49046209	11.12053773	12.65380816	14.18412345	15.57665481	16.93592529	18.3924957
95.25	6.051904914	7.919892871	9.616091819	11.26112843	12.80938103	14.3367666	15.73370005	17.08846994	18.57092508
95.5	6.167345158	8.052541959	9.752423517	11.39684015	12.94959927	14.48592493	15.87254955	17.26398051	18.74486282
95.75	6.287200315	8.177939919	9.887354692	11.54948293	13.08124087	14.65250523	16.0212902	17.43488265	18.92956057
96	6.409044451	8.31484385	10.02810219	11.70698266	13.24301406	14.8375138	16.20900177	17.62474121	19.10788977
96.25	6.539269381	8.453796025	10.1657303	11.86502684	13.40824254	15.00674318	16.3925134	17.83839425	19.31991801
96.5	6.6876012	8.588962323	10.34003487	12.06334887	13.5763816	15.19786004	16.57833125	18.05104967	19.57042825
96.75	6.845789879	8.765379855	10.526616	12.25413252	13.78195894	15.39700283	16.79307685	18.26810472	19.78527931
97	7.009564771	8.957387985	10.70996856	12.47877087	14.01809277	15.62118227	17.03675537	18.48453369	20.04921981
97.25	7.192257282	9.14383982	10.92656966	12.70305283	14.22657253	15.84790948	17.29910806	18.74828831	20.33788787
97.5	7.390209781	9.367726728	11.17065134	12.94165397	14.47864943	16.09959695	17.58454047	19.01963282	20.64104691
97.75	7.605955426	9.597494684	11.43397926	13.21194363	14.71953396	16.37165302	17.86998671	19.30936255	20.9391708
98	7.83135505	9.870226955	11.70017598	13.49268841	15.00106458	16.68406235	18.16912986	19.625631	21.28777937
98.25	8.107249189	10.15522974	12.01393164	13.84846342	15.34229482	17.03566947	18.55599411	20.01933047	21.69314741
98.5	8.416072304	10.46124644	12.36089468	14.24934318	15.74479119	17.42137218	18.97518731	20.45600215	22.10314797
98.75	8.735963806	10.87687	12.74190895	14.72444058	16.20278614	17.9224617	19.46002285	21.00838041	22.6458669
99	9.133388041	11.37483528	13.2037092	15.22763307	16.76270752	18.52189234	20.09670141	21.59644697	23.2814239
99.25	9.671806723	11.93200767	13.88875934	15.87697067	17.46399505	19.25092861	20.84042352	22.37245837	24.12735438
99.5	10.38581288	12.74701015	14.74333521	16.81336699	18.43367659	20.21733623	21.77894268	23.44427019	25.21389982
99.75	11	14.21261383	16.16788447	18.27453323	19.96292667	21.6074881	23.37704796	25.11277669	26.94467977